           0        9999           0        9999
           0        9999        9999           0
 Итого:         3334 шагов
           1  ячейка: [        4998 ,         4998 ]
           2  ячейка: [        4998 ,         5001 ]
           3  ячейка: [        4999 ,         4999 ]
           4  ячейка: [        4999 ,         5000 ]
           5  ячейка: [        5000 ,         4999 ]
           6  ячейка: [        5000 ,         5000 ]
           7  ячейка: [        5001 ,         4998 ]
           8  ячейка: [        5001 ,         5001 ]
 11.523412

